0 0 0 : 68 
0 0 1 : 71 
0 0 2 : 76 
0 0 3 : 84 
0 0 4 : 93 
0 0 5 : 109 
0 0 6 : 127 
0 0 7 : 64 
0 0 8 : 64 
0 0 9 : 64 
0 1 0 : 68 
0 1 1 : 70 
0 1 2 : 74 
0 1 3 : 83 
0 1 4 : 93 
0 1 5 : 107 
0 1 6 : 126 
0 1 7 : 64 
0 1 8 : 64 
0 1 9 : 64 
0 2 0 : 70 
0 2 1 : 73 
0 2 2 : 81 
0 2 3 : 92 
0 2 4 : 105 
0 2 5 : 122 
0 2 6 : 127 
0 2 7 : 64 
0 2 8 : 64 
1 0 0 : 67 
1 0 1 : 68 
1 0 2 : 70 
1 0 3 : 75 
1 0 4 : 82 
1 0 5 : 92 
1 0 6 : 111 
1 0 7 : 127 
1 0 8 : 64 
1 0 9 : 64 
1 0 10 : 64 
1 1 0 : 66 
1 1 1 : 67 
1 1 2 : 70 
1 1 3 : 74 
1 1 4 : 81 
1 1 5 : 92 
1 1 6 : 109 
1 1 7 : 126 
1 1 8 : 64 
1 1 9 : 64 
1 1 10 : 64 
1 2 0 : 67 
1 2 1 : 68 
1 2 2 : 72 
1 2 3 : 78 
1 2 4 : 88 
1 2 5 : 103 
1 2 6 : 121 
1 2 7 : 127 
1 2 8 : 64 
1 2 9 : 64 
2 0 0 : 65 
2 0 1 : 66 
2 0 2 : 68 
2 0 3 : 71 
2 0 4 : 75 
2 0 5 : 82 
2 0 6 : 94 
2 0 7 : 115 
2 0 8 : 127 
2 0 9 : 64 
2 0 10 : 64 
2 0 11 : 64 
2 1 0 : 65 
2 1 1 : 66 
2 1 2 : 67 
2 1 3 : 70 
2 1 4 : 74 
2 1 5 : 81 
2 1 6 : 93 
2 1 7 : 112 
2 1 8 : 127 
2 1 9 : 64 
2 1 10 : 64 
2 1 11 : 64 
2 2 0 : 66 
2 2 1 : 66 
2 2 2 : 68 
2 2 3 : 72 
2 2 4 : 77 
2 2 5 : 87 
2 2 6 : 103 
2 2 7 : 123 
2 2 8 : 127 
2 2 9 : 64 
2 2 10 : 64 
3 0 0 : 65 
3 0 1 : 65 
3 0 2 : 66 
3 0 3 : 68 
3 0 4 : 71 
3 0 5 : 76 
3 0 6 : 84 
3 0 7 : 97 
3 0 8 : 118 
3 0 9 : 127 
3 0 10 : 64 
3 0 11 : 64 
3 0 12 : 64 
3 1 0 : 65 
3 1 1 : 65 
3 1 2 : 65 
3 1 3 : 67 
3 1 4 : 70 
3 1 5 : 75 
3 1 6 : 83 
3 1 7 : 96 
3 1 8 : 116 
3 1 9 : 127 
3 1 10 : 64 
3 1 11 : 64 
3 1 12 : 64 
3 2 0 : 65 
3 2 1 : 65 
3 2 2 : 66 
3 2 3 : 68 
3 2 4 : 73 
3 2 5 : 78 
3 2 6 : 88 
3 2 7 : 106 
3 2 8 : 124 
3 2 9 : 127 
3 2 10 : 64 
3 2 11 : 64 
4 0 0 : 65 
4 0 1 : 65 
4 0 2 : 65 
4 0 3 : 66 
4 0 4 : 68 
4 0 5 : 71 
4 0 6 : 78 
4 0 7 : 88 
4 0 8 : 103 
4 0 9 : 116 
4 0 10 : 127 
4 0 11 : 64 
4 0 12 : 64 
4 0 13 : 64 
4 1 0 : 64 
4 1 1 : 65 
4 1 2 : 65 
4 1 3 : 65 
4 1 4 : 67 
4 1 5 : 70 
4 1 6 : 76 
4 1 7 : 87 
4 1 8 : 100 
4 1 9 : 117 
4 1 10 : 127 
4 1 11 : 64 
4 1 12 : 64 
4 1 13 : 64 
4 2 0 : 65 
4 2 1 : 65 
4 2 2 : 65 
4 2 3 : 66 
4 2 4 : 68 
4 2 5 : 73 
4 2 6 : 80 
4 2 7 : 92 
4 2 8 : 110 
4 2 9 : 126 
4 2 10 : 64 
4 2 11 : 64 
4 2 12 : 64 
5 0 0 : 63 
5 0 1 : 64 
5 0 2 : 63 
5 0 3 : 64 
5 0 4 : 63 
5 0 5 : 64 
5 0 6 : 64 
5 0 7 : 64 
5 0 8 : 66 
5 0 9 : 75 
5 0 10 : 80 
5 0 11 : 127 
5 0 12 : 64 
5 0 13 : 64 
5 0 14 : 64 
