0 0 0 : 112 98 87 79 73 69 66 65 64 
0 0 1 : 120 102 90 79 72 68 66 65 65 
0 0 2 : 124 100 86 78 73 70 67 66 65 
0 0 3 : 123 98 88 81 75 72 69 68 66 
0 0 4 : 123 104 94 85 79 74 71 69 67 
0 0 5 : 125 110 99 90 83 77 73 68 60 
0 0 6 : 127 116 108 98 89 79 62 64 64 
0 0 7 : 127 124 123 111 64 64 64 64 64 
0 0 8 : 64 64 64 64 64 64 64 64 64 
0 0 9 : 64 64 64 64 64 64 64 64 64 
0 1 0 : 111 97 87 79 73 69 66 65 64 
0 1 1 : 120 102 90 80 72 68 66 65 64 
0 1 2 : 124 101 86 78 72 69 67 66 65 
0 1 3 : 123 98 87 80 75 71 69 67 66 
0 1 4 : 122 103 93 85 79 74 71 69 66 
0 1 5 : 125 109 99 90 82 76 73 67 65 
0 1 6 : 127 116 108 101 85 64 67 45 1 
0 1 7 : 127 124 118 123 80 64 64 64 64 
0 1 8 : 64 64 64 64 64 64 64 64 64 
0 1 9 : 64 64 64 64 64 64 64 64 64 
0 2 0 : 112 101 89 79 72 68 66 65 64 
0 2 1 : 121 100 87 77 72 69 67 66 65 
0 2 2 : 123 97 85 78 74 71 68 67 66 
0 2 3 : 122 100 90 83 77 73 71 69 67 
0 2 4 : 124 108 97 88 81 77 73 70 72 
0 2 5 : 127 115 105 97 89 83 77 71 64 
0 2 6 : 127 122 117 110 90 91 64 64 64 
0 2 7 : 127 126 96 127 64 64 64 64 64 
0 2 8 : 64 64 64 64 64 64 64 64 64 
1 0 0 : 106 97 88 81 74 69 66 64 64 
1 0 1 : 120 105 91 79 72 68 66 65 64 
1 0 2 : 124 100 86 77 72 69 67 65 64 
1 0 3 : 124 99 87 79 74 70 67 66 65 
1 0 4 : 123 100 89 81 75 72 69 68 67 
1 0 5 : 123 103 92 84 79 75 73 71 69 
1 0 6 : 125 108 98 92 87 82 77 81 64 
1 0 7 : 127 118 112 105 98 92 127 64 64 
1 0 8 : 127 125 123 116 127 64 64 64 64 
1 0 9 : 64 64 64 64 64 64 64 64 64 
1 0 10 : 64 64 64 64 64 64 64 64 64 
1 1 0 : 106 96 88 81 75 70 66 64 64 
1 1 1 : 120 105 92 79 71 68 66 65 64 
1 1 2 : 125 99 85 77 72 68 66 65 64 
1 1 3 : 124 98 86 78 73 70 67 66 65 
1 1 4 : 123 99 88 81 75 71 69 67 66 
1 1 5 : 122 103 92 84 78 74 72 70 67 
1 1 6 : 124 107 97 91 85 79 74 70 57 
1 1 7 : 127 117 111 104 92 69 38 64 64 
1 1 8 : 127 125 120 124 1 64 64 64 64 
1 1 9 : 64 64 64 64 64 64 64 64 64 
1 1 10 : 64 64 64 64 64 64 64 64 64 
1 2 0 : 107 96 86 79 74 70 66 64 64 
1 2 1 : 119 102 91 80 72 68 66 65 64 
1 2 2 : 124 102 86 77 72 68 67 65 65 
1 2 3 : 124 97 85 78 73 70 68 67 66 
1 2 4 : 122 99 89 82 76 73 70 69 67 
1 2 5 : 123 105 94 87 81 78 75 72 73 
1 2 6 : 126 113 105 98 93 85 73 64 64 
1 2 7 : 127 123 118 110 99 96 64 64 64 
1 2 8 : 127 125 127 64 64 64 64 64 64 
1 2 9 : 64 64 64 64 64 64 64 64 64 
2 0 0 : 101 95 89 83 78 72 66 64 64 
2 0 1 : 120 110 98 83 72 67 65 64 64 
2 0 2 : 126 105 86 75 70 67 66 65 64 
2 0 3 : 126 94 83 77 72 69 67 65 64 
2 0 4 : 123 98 89 81 74 70 67 66 65 
2 0 5 : 122 103 90 81 74 71 68 67 67 
2 0 6 : 123 103 91 83 78 75 73 72 72 
2 0 7 : 125 107 99 93 89 85 84 86 1 
2 0 8 : 127 120 117 110 100 64 64 64 64 
2 0 9 : 127 127 105 127 64 64 64 64 64 
2 0 10 : 64 64 64 64 64 64 64 64 64 
2 0 11 : 64 64 64 64 64 64 64 64 64 
2 1 0 : 101 94 88 82 77 72 67 64 64 
2 1 1 : 119 108 96 84 73 67 65 64 64 
2 1 2 : 126 107 90 77 70 67 66 65 64 
2 1 3 : 126 96 83 76 71 68 67 65 65 
2 1 4 : 123 95 86 79 74 70 67 66 65 
2 1 5 : 122 101 90 81 74 70 68 67 66 
2 1 6 : 123 102 90 82 77 74 72 70 70 
2 1 7 : 124 106 97 92 86 82 77 69 54 
2 1 8 : 127 119 113 109 92 76 64 64 64 
2 1 9 : 127 126 120 127 64 64 64 64 64 
2 1 10 : 64 64 64 64 64 64 64 64 64 
2 1 11 : 64 64 64 64 64 64 64 64 64 
2 2 0 : 103 96 88 83 77 70 66 64 64 
2 2 1 : 120 108 95 81 71 67 65 64 64 
2 2 2 : 126 102 84 75 71 68 66 65 64 
2 2 3 : 125 95 84 78 72 69 67 66 65 
2 2 4 : 122 99 88 80 74 70 67 66 66 
2 2 5 : 122 101 89 81 75 72 70 69 68 
2 2 6 : 123 104 92 86 81 79 76 76 75 
2 2 7 : 125 113 107 101 94 91 58 1 64 
2 2 8 : 127 124 119 114 102 1 64 64 64 
2 2 9 : 127 127 64 64 64 64 64 64 64 
2 2 10 : 64 64 64 64 64 64 64 64 64 
3 0 0 : 96 90 84 81 76 72 68 64 64 
3 0 1 : 116 106 97 87 77 69 64 64 64 
3 0 2 : 125 111 97 83 71 66 65 64 64 
3 0 3 : 127 107 89 77 69 67 66 65 64 
3 0 4 : 126 95 83 76 72 69 67 66 65 
3 0 5 : 123 96 87 80 74 70 68 66 65 
3 0 6 : 121 102 90 81 75 71 69 68 66 
3 0 7 : 123 104 91 84 79 76 74 71 67 
3 0 8 : 125 110 102 97 92 86 81 1 64 
3 0 9 : 127 122 118 109 71 127 64 64 64 
3 0 10 : 127 127 64 64 64 64 64 64 64 
3 0 11 : 64 64 64 64 64 64 64 64 64 
3 0 12 : 64 64 64 64 64 64 64 64 64 
3 1 0 : 95 88 82 79 75 72 68 66 64 
3 1 1 : 114 103 94 85 76 69 66 64 64 
3 1 2 : 124 109 95 84 74 68 65 64 64 
3 1 3 : 126 108 91 78 70 66 65 64 64 
3 1 4 : 126 98 83 75 71 68 66 65 64 
3 1 5 : 124 94 85 78 73 70 67 66 65 
3 1 6 : 121 100 89 81 75 71 69 67 66 
3 1 7 : 122 103 91 83 78 75 75 72 74 
3 1 8 : 124 108 101 95 88 85 81 54 1 
3 1 9 : 127 121 114 111 99 102 64 64 64 
3 1 10 : 127 126 127 127 64 64 64 64 64 
3 1 11 : 64 64 64 64 64 64 64 64 64 
3 1 12 : 64 64 64 64 64 64 64 64 64 
3 2 0 : 98 92 85 80 76 73 69 65 63 
3 2 1 : 117 106 96 86 77 70 65 64 64 
3 2 2 : 125 110 97 81 71 67 65 64 64 
3 2 3 : 127 104 86 75 70 67 66 65 64 
3 2 4 : 125 93 83 77 73 69 67 65 65 
3 2 5 : 121 98 88 80 74 70 67 66 66 
3 2 6 : 122 102 90 81 75 72 70 69 65 
3 2 7 : 123 104 92 87 83 79 76 74 76 
3 2 8 : 126 115 109 103 99 79 96 64 64 
3 2 9 : 127 125 119 127 64 64 64 64 64 
3 2 10 : 127 127 64 64 64 64 64 64 64 
3 2 11 : 64 64 64 64 64 64 64 64 64 
4 0 0 : 86 84 79 75 73 71 68 67 63 
4 0 1 : 109 98 90 83 77 73 68 64 64 
4 0 2 : 121 108 96 85 75 69 65 65 63 
4 0 3 : 125 111 98 83 73 67 65 65 64 
4 0 4 : 126 109 92 78 69 66 65 64 64 
4 0 5 : 126 100 83 74 71 68 66 66 65 
4 0 6 : 123 94 84 78 73 70 68 67 65 
4 0 7 : 120 99 89 82 76 73 70 69 69 
4 0 8 : 122 105 94 88 83 79 78 82 85 
4 0 9 : 125 115 108 100 104 86 64 64 64 
4 0 10 : 127 123 112 96 64 64 64 64 64 
4 0 11 : 127 127 64 64 64 64 64 64 64 
4 0 12 : 64 64 64 64 64 64 64 64 64 
4 0 13 : 64 64 64 64 64 64 64 64 64 
4 1 0 : 88 79 78 74 71 69 68 63 64 
4 1 1 : 105 94 87 83 74 69 68 65 64 
4 1 2 : 118 103 91 84 75 69 65 64 63 
4 1 3 : 124 107 94 84 74 68 65 64 64 
4 1 4 : 126 108 94 79 71 65 65 64 64 
4 1 5 : 126 103 86 74 70 67 66 65 64 
4 1 6 : 125 94 83 77 72 69 67 67 65 
4 1 7 : 120 96 87 80 75 72 71 70 65 
4 1 8 : 120 103 94 87 81 76 73 76 67 
4 1 9 : 125 113 105 96 84 77 76 127 64 
4 1 10 : 127 121 114 107 127 64 64 64 64 
4 1 11 : 127 125 127 64 64 64 64 64 64 
4 1 12 : 64 64 64 64 64 64 64 64 64 
4 1 13 : 64 64 64 64 64 64 64 64 64 
4 2 0 : 95 91 82 76 72 70 67 66 63 
4 2 1 : 112 96 88 82 77 71 68 66 63 
4 2 2 : 121 108 96 87 78 69 65 65 63 
4 2 3 : 126 112 99 83 71 66 65 65 64 
4 2 4 : 127 107 90 75 70 68 65 64 65 
4 2 5 : 126 96 82 76 71 68 66 66 67 
4 2 6 : 122 95 85 79 74 71 68 67 66 
4 2 7 : 120 101 91 82 77 74 72 68 68 
4 2 8 : 123 106 96 90 85 80 72 76 64 
4 2 9 : 126 118 111 104 108 127 64 64 64 
4 2 10 : 127 124 122 127 64 64 64 64 64 
4 2 11 : 64 64 64 64 64 64 64 64 64 
4 2 12 : 64 64 64 64 64 64 64 64 64 
5 0 0 : 64 64 64 64 64 32 64 64 64 
5 0 1 : 64 64 64 64 64 73 64 1 65 
5 0 2 : 64 64 64 64 64 59 64 48 68 
5 0 3 : 64 64 64 1 25 77 85 55 66 
5 0 4 : 64 64 64 127 91 75 46 65 65 
5 0 5 : 64 64 127 127 40 64 62 64 63 
5 0 6 : 64 127 127 68 54 63 62 62 61 
5 0 7 : 42 62 65 67 66 64 64 62 59 
5 0 8 : 85 82 76 70 64 60 57 53 46 
5 0 9 : 97 84 71 59 51 40 35 27 18 
5 0 10 : 107 87 64 33 28 10 8 4 2 
5 0 11 : 122 94 62 16 30 2 1 1 1 
5 0 12 : 127 102 68 9 32 1 64 64 64 
5 0 13 : 64 64 64 64 64 64 64 64 64 
5 0 14 : 64 64 64 64 64 64 64 64 64 
