0 0 0 : 62 62 58 57 
0 0 1 : 59 63 54 54 
0 0 2 : 55 65 47 51 
0 0 3 : 54 70 40 48 
0 0 4 : 57 77 32 45 
0 0 5 : 60 86 24 47 
0 0 6 : 62 106 18 59 
0 0 7 : 53 125 12 127 
0 0 8 : 64 64 64 64 
0 0 9 : 64 64 64 64 
0 1 0 : 67 59 66 61 
0 1 1 : 68 56 67 59 
0 1 2 : 71 51 68 56 
0 1 3 : 73 46 72 54 
0 1 4 : 70 38 78 51 
0 1 5 : 68 30 88 53 
0 1 6 : 63 23 105 66 
0 1 7 : 57 14 125 93 
0 1 8 : 64 64 64 64 
0 1 9 : 64 64 64 64 
0 2 0 : 62 60 57 53 
0 2 1 : 61 57 52 45 
0 2 2 : 61 52 44 38 
0 2 3 : 62 48 37 30 
0 2 4 : 63 41 31 24 
0 2 5 : 63 36 26 20 
0 2 6 : 63 32 17 21 
0 2 7 : 60 1 1 64 
0 2 8 : 64 64 64 64 
1 0 0 : 64 61 67 61 
1 0 1 : 61 62 57 55 
1 0 2 : 60 63 54 57 
1 0 3 : 59 64 55 58 
1 0 4 : 58 68 53 57 
1 0 5 : 59 73 46 56 
1 0 6 : 62 80 42 60 
1 0 7 : 64 100 39 80 
1 0 8 : 56 120 68 127 
1 0 9 : 64 64 64 64 
1 0 10 : 64 64 64 64 
1 1 0 : 64 68 64 65 
1 1 1 : 68 59 66 60 
1 1 2 : 68 55 67 61 
1 1 3 : 68 57 68 61 
1 1 4 : 68 55 69 59 
1 1 5 : 68 49 74 59 
1 1 6 : 67 45 83 66 
1 1 7 : 63 42 104 90 
1 1 8 : 55 61 125 64 
1 1 9 : 64 64 64 64 
1 1 10 : 64 64 64 64 
1 2 0 : 63 69 67 67 
1 2 1 : 62 66 62 62 
1 2 2 : 62 65 60 63 
1 2 3 : 61 67 60 62 
1 2 4 : 62 66 58 59 
1 2 5 : 63 63 55 56 
1 2 6 : 64 61 53 59 
1 2 7 : 64 69 51 64 
1 2 8 : 58 64 64 64 
1 2 9 : 64 64 64 64 
2 0 0 : 64 60 66 60 
2 0 1 : 62 62 58 56 
2 0 2 : 60 63 55 55 
2 0 3 : 59 63 53 55 
2 0 4 : 59 66 52 58 
2 0 5 : 58 70 52 59 
2 0 6 : 59 73 49 58 
2 0 7 : 62 79 44 61 
2 0 8 : 69 101 35 81 
2 0 9 : 74 127 64 127 
2 0 10 : 64 64 64 64 
2 0 11 : 64 64 64 64 
2 1 0 : 65 66 66 64 
2 1 1 : 66 60 64 59 
2 1 2 : 69 57 65 60 
2 1 3 : 70 55 67 60 
2 1 4 : 70 53 70 61 
2 1 5 : 69 53 72 60 
2 1 6 : 68 50 75 62 
2 1 7 : 66 48 83 69 
2 1 8 : 67 43 105 95 
2 1 9 : 71 1 122 64 
2 1 10 : 64 64 64 64 
2 1 11 : 64 64 64 64 
2 2 0 : 63 71 69 69 
2 2 1 : 63 66 62 60 
2 2 2 : 62 63 59 59 
2 2 3 : 62 64 59 61 
2 2 4 : 61 67 59 62 
2 2 5 : 62 67 59 61 
2 2 6 : 63 65 57 60 
2 2 7 : 64 64 56 63 
2 2 8 : 67 77 67 88 
2 2 9 : 30 64 64 64 
2 2 10 : 64 64 64 64 
3 0 0 : 63 59 58 53 
3 0 1 : 62 60 54 54 
3 0 2 : 61 63 56 57 
3 0 3 : 59 63 56 56 
3 0 4 : 58 64 53 55 
3 0 5 : 58 66 50 56 
3 0 6 : 60 68 51 59 
3 0 7 : 60 70 52 60 
3 0 8 : 64 76 49 60 
3 0 9 : 75 103 34 104 
3 0 10 : 104 127 64 64 
3 0 11 : 64 64 64 64 
3 0 12 : 64 64 64 64 
3 1 0 : 69 57 70 59 
3 1 1 : 68 52 70 57 
3 1 2 : 68 55 68 60 
3 1 3 : 68 58 66 60 
3 1 4 : 70 56 67 60 
3 1 5 : 71 53 70 61 
3 1 6 : 69 52 74 63 
3 1 7 : 67 54 77 67 
3 1 8 : 65 53 84 74 
3 1 9 : 72 49 106 86 
3 1 10 : 85 64 127 64 
3 1 11 : 64 64 64 64 
3 1 12 : 64 64 64 64 
3 2 0 : 63 67 65 65 
3 2 1 : 63 66 62 61 
3 2 2 : 63 65 60 60 
3 2 3 : 62 64 60 60 
3 2 4 : 61 64 58 59 
3 2 5 : 62 65 57 61 
3 2 6 : 62 66 59 62 
3 2 7 : 63 66 59 63 
3 2 8 : 65 67 59 67 
3 2 9 : 72 81 55 1 
3 2 10 : 85 64 64 64 
3 2 11 : 64 64 64 64 
4 0 0 : 58 62 54 52 
4 0 1 : 59 62 47 49 
4 0 2 : 59 65 49 51 
4 0 3 : 61 64 55 56 
4 0 4 : 59 65 57 57 
4 0 5 : 57 64 54 55 
4 0 6 : 56 65 50 54 
4 0 7 : 59 68 47 55 
4 0 8 : 60 71 49 59 
4 0 9 : 67 76 48 52 
4 0 10 : 81 85 41 1 
4 0 11 : 127 64 64 64 
4 0 12 : 64 64 64 64 
4 0 13 : 64 64 64 64 
4 1 0 : 74 56 73 66 
4 1 1 : 73 48 77 60 
4 1 2 : 71 48 77 60 
4 1 3 : 69 53 68 59 
4 1 4 : 69 57 67 60 
4 1 5 : 70 56 66 60 
4 1 6 : 71 53 69 61 
4 1 7 : 70 52 74 62 
4 1 8 : 66 51 80 65 
4 1 9 : 67 47 92 73 
4 1 10 : 74 35 107 127 
4 1 11 : 104 64 127 64 
4 1 12 : 64 64 64 64 
4 1 13 : 64 64 64 64 
4 2 0 : 61 67 65 66 
4 2 1 : 61 68 61 60 
4 2 2 : 62 64 57 56 
4 2 3 : 62 63 59 59 
4 2 4 : 62 62 60 60 
4 2 5 : 62 64 58 59 
4 2 6 : 61 65 57 60 
4 2 7 : 63 65 59 64 
4 2 8 : 63 69 63 69 
4 2 9 : 66 69 58 53 
4 2 10 : 79 127 102 64 
4 2 11 : 64 64 64 64 
4 2 12 : 64 64 64 64 
5 0 0 : 69 74 60 65 
5 0 1 : 62 40 60 71 
5 0 2 : 64 73 70 59 
5 0 3 : 59 73 64 60 
5 0 4 : 63 71 70 64 
5 0 5 : 62 66 70 71 
5 0 6 : 62 70 73 84 
5 0 7 : 64 75 81 100 
5 0 8 : 67 91 97 116 
5 0 9 : 41 116 116 126 
5 0 10 : 13 126 126 127 
5 0 11 : 8 127 127 127 
5 0 12 : 102 127 127 127 
5 0 13 : 64 64 64 64 
5 0 14 : 64 64 64 64 
