0 0 0 : 61 72 16 26 
0 0 1 : 62 67 36 49 
0 0 2 : 62 69 29 39 
0 0 3 : 62 62 43 46 
0 0 4 : 62 75 37 49 
0 0 5 : 62 79 26 37 
0 0 6 : 62 96 18 48 
0 0 7 : 54 125 8 49 
0 0 8 : 64 64 64 64 
0 0 9 : 64 64 64 64 
0 1 0 : 67 17 83 31 
0 1 1 : 67 35 86 55 
0 1 2 : 68 21 101 50 
0 1 3 : 65 39 86 60 
0 1 4 : 64 45 77 57 
0 1 5 : 64 33 82 45 
0 1 6 : 65 23 92 48 
0 1 7 : 60 11 122 87 
0 1 8 : 64 64 64 64 
0 1 9 : 64 64 64 64 
0 2 0 : 63 29 27 14 
0 2 1 : 63 58 56 53 
0 2 2 : 63 58 47 43 
0 2 3 : 63 52 39 32 
0 2 4 : 63 42 28 20 
0 2 5 : 63 35 25 18 
0 2 6 : 63 29 14 16 
0 2 7 : 53 85 1 64 
0 2 8 : 64 64 64 64 
1 0 0 : 64 58 74 67 
1 0 1 : 63 56 58 46 
1 0 2 : 62 62 23 25 
1 0 3 : 61 63 24 29 
1 0 4 : 62 62 42 49 
1 0 5 : 63 74 49 58 
1 0 6 : 63 75 45 52 
1 0 7 : 64 90 43 73 
1 0 8 : 54 121 66 127 
1 0 9 : 64 64 64 64 
1 0 10 : 64 64 64 64 
1 1 0 : 63 80 65 76 
1 1 1 : 63 77 62 66 
1 1 2 : 66 40 75 52 
1 1 3 : 65 35 84 55 
1 1 4 : 64 43 81 61 
1 1 5 : 64 50 78 61 
1 1 6 : 64 46 77 56 
1 1 7 : 63 45 88 72 
1 1 8 : 54 47 119 85 
1 1 9 : 64 64 64 64 
1 1 10 : 64 64 64 64 
1 2 0 : 63 77 65 65 
1 2 1 : 63 70 52 54 
1 2 2 : 63 53 29 26 
1 2 3 : 63 54 33 36 
1 2 4 : 63 72 59 68 
1 2 5 : 63 71 58 64 
1 2 6 : 63 65 55 63 
1 2 7 : 64 73 50 67 
1 2 8 : 64 127 127 64 
1 2 9 : 64 64 64 64 
2 0 0 : 64 61 79 74 
2 0 1 : 64 52 73 53 
2 0 2 : 64 61 43 36 
2 0 3 : 62 60 37 37 
2 0 4 : 62 61 37 39 
2 0 5 : 62 64 42 46 
2 0 6 : 62 77 45 59 
2 0 7 : 62 76 42 51 
2 0 8 : 68 95 35 65 
2 0 9 : 79 127 32 64 
2 0 10 : 64 64 64 64 
2 0 11 : 64 64 64 64 
2 1 0 : 64 76 77 83 
2 1 1 : 64 73 61 60 
2 1 2 : 67 43 63 45 
2 1 3 : 65 42 79 57 
2 1 4 : 65 46 77 59 
2 1 5 : 64 49 81 66 
2 1 6 : 64 47 81 62 
2 1 7 : 64 44 79 58 
2 1 8 : 65 43 96 81 
2 1 9 : 68 56 122 64 
2 1 10 : 64 64 64 64 
2 1 11 : 64 64 64 64 
2 2 0 : 63 82 85 94 
2 2 1 : 64 85 73 81 
2 2 2 : 64 73 59 61 
2 2 3 : 63 63 47 50 
2 2 4 : 63 68 50 58 
2 2 5 : 63 71 55 65 
2 2 6 : 63 69 56 63 
2 2 7 : 64 67 56 64 
2 2 8 : 66 82 61 88 
2 2 9 : 68 64 64 64 
2 2 10 : 64 64 64 64 
3 0 0 : 64 68 71 71 
3 0 1 : 65 53 58 47 
3 0 2 : 67 71 45 51 
3 0 3 : 63 65 33 33 
3 0 4 : 61 66 34 46 
3 0 5 : 62 63 41 46 
3 0 6 : 62 66 42 51 
3 0 7 : 62 75 50 61 
3 0 8 : 63 73 46 53 
3 0 9 : 77 93 38 104 
3 0 10 : 90 127 64 64 
3 0 11 : 64 64 64 64 
3 0 12 : 64 64 64 64 
3 1 0 : 64 64 87 83 
3 1 1 : 66 52 77 56 
3 1 2 : 65 36 72 29 
3 1 3 : 67 37 76 46 
3 1 4 : 65 38 84 58 
3 1 5 : 65 48 76 66 
3 1 6 : 65 49 82 62 
3 1 7 : 64 50 83 65 
3 1 8 : 63 50 80 64 
3 1 9 : 72 48 95 82 
3 1 10 : 89 127 127 64 
3 1 11 : 64 64 64 64 
3 1 12 : 64 64 64 64 
3 2 0 : 63 77 81 83 
3 2 1 : 63 79 72 86 
3 2 2 : 63 85 60 70 
3 2 3 : 64 63 46 56 
3 2 4 : 63 66 55 59 
3 2 5 : 63 69 53 56 
3 2 6 : 63 69 56 62 
3 2 7 : 63 68 55 60 
3 2 8 : 65 65 57 58 
3 2 9 : 71 74 50 1 
3 2 10 : 76 64 64 64 
3 2 11 : 64 64 64 64 
4 0 0 : 58 72 62 86 
4 0 1 : 65 65 45 43 
4 0 2 : 62 74 33 36 
4 0 3 : 62 86 22 34 
4 0 4 : 60 65 33 54 
4 0 5 : 61 62 31 39 
4 0 6 : 62 67 40 45 
4 0 7 : 64 70 41 45 
4 0 8 : 62 73 44 56 
4 0 9 : 68 71 52 62 
4 0 10 : 85 110 28 64 
4 0 11 : 64 64 64 64 
4 0 12 : 64 64 64 64 
4 0 13 : 64 64 64 64 
4 1 0 : 64 59 106 89 
4 1 1 : 67 46 98 79 
4 1 2 : 63 28 96 84 
4 1 3 : 71 28 101 75 
4 1 4 : 67 37 101 55 
4 1 5 : 70 31 80 50 
4 1 6 : 63 37 81 55 
4 1 7 : 65 48 82 60 
4 1 8 : 64 47 84 63 
4 1 9 : 65 55 86 70 
4 1 10 : 76 31 106 1 
4 1 11 : 102 64 64 64 
4 1 12 : 64 64 64 64 
4 1 13 : 64 64 64 64 
4 2 0 : 68 66 75 86 
4 2 1 : 65 83 64 80 
4 2 2 : 62 82 55 74 
4 2 3 : 65 80 48 32 
4 2 4 : 62 55 45 40 
4 2 5 : 63 57 51 49 
4 2 6 : 63 64 54 59 
4 2 7 : 64 68 54 66 
4 2 8 : 62 70 63 69 
4 2 9 : 66 73 63 64 
4 2 10 : 79 127 127 64 
4 2 11 : 64 64 64 64 
4 2 12 : 64 64 64 64 
5 0 0 : 64 64 64 64 
5 0 1 : 64 64 64 64 
5 0 2 : 64 64 64 64 
5 0 3 : 64 64 64 64 
5 0 4 : 64 64 64 64 
5 0 5 : 64 64 64 64 
5 0 6 : 64 64 127 64 
5 0 7 : 73 127 127 127 
5 0 8 : 69 118 116 127 
5 0 9 : 48 115 113 126 
5 0 10 : 16 125 126 127 
5 0 11 : 6 127 127 127 
5 0 12 : 100 127 127 127 
5 0 13 : 64 64 64 64 
5 0 14 : 64 64 64 64 
