0 0 0 : 118 109 101 93 87 84 80 81 112 
0 0 1 : 122 106 100 94 90 87 85 84 1 
0 0 2 : 125 111 102 94 89 85 83 84 48 
0 0 3 : 126 107 99 92 88 85 83 81 89 
0 0 4 : 124 107 100 95 91 88 85 83 76 
0 0 5 : 126 114 105 97 90 87 81 63 127 
0 0 6 : 127 115 108 100 92 82 73 127 64 
0 0 7 : 127 124 122 106 64 64 64 64 64 
0 0 8 : 64 64 64 64 64 64 64 64 64 
0 0 9 : 64 64 64 64 64 64 64 64 64 
0 1 0 : 116 108 99 90 84 78 78 72 106 
0 1 1 : 120 104 98 91 86 80 75 68 60 
0 1 2 : 124 110 100 89 81 72 75 62 85 
0 1 3 : 125 108 99 91 85 80 82 73 76 
0 1 4 : 124 105 99 94 90 87 84 85 46 
0 1 5 : 125 113 105 98 91 85 83 75 32 
0 1 6 : 127 114 107 101 89 76 86 64 64 
0 1 7 : 127 124 119 122 81 127 64 64 64 
0 1 8 : 64 64 64 64 64 64 64 64 64 
0 1 9 : 64 64 64 64 64 64 64 64 64 
0 2 0 : 122 112 102 92 84 79 77 77 1 
0 2 1 : 125 104 98 94 91 89 88 83 64 
0 2 2 : 126 110 100 92 88 85 83 76 109 
0 2 3 : 125 104 97 92 88 86 84 87 68 
0 2 4 : 124 111 104 98 92 88 88 87 96 
0 2 5 : 126 114 105 99 93 89 91 85 127 
0 2 6 : 127 121 116 112 95 102 64 64 64 
0 2 7 : 127 126 115 127 64 64 64 64 64 
0 2 8 : 64 64 64 64 64 64 64 64 64 
1 0 0 : 111 106 100 93 86 84 82 71 127 
1 0 1 : 118 104 99 94 89 87 82 83 1 
1 0 2 : 122 108 99 92 88 85 84 81 127 
1 0 3 : 123 108 100 93 87 84 84 76 64 
1 0 4 : 124 109 101 94 89 86 84 85 64 
1 0 5 : 124 108 101 96 91 88 84 87 127 
1 0 6 : 126 112 104 97 92 87 88 73 1 
1 0 7 : 127 117 111 105 101 65 127 64 64 
1 0 8 : 127 125 123 118 127 64 64 64 64 
1 0 9 : 64 64 64 64 64 64 64 64 64 
1 0 10 : 64 64 64 64 64 64 64 64 64 
1 1 0 : 111 107 102 94 87 83 80 85 127 
1 1 1 : 119 104 99 94 89 86 91 86 1 
1 1 2 : 123 108 99 92 88 86 90 99 1 
1 1 3 : 123 107 99 93 88 84 81 76 1 
1 1 4 : 123 107 99 93 88 84 82 94 64 
1 1 5 : 124 108 101 95 90 87 88 93 85 
1 1 6 : 125 113 104 97 91 85 83 87 127 
1 1 7 : 127 115 109 104 94 81 93 64 64 
1 1 8 : 127 124 119 124 32 64 64 64 64 
1 1 9 : 64 64 64 64 64 64 64 64 64 
1 1 10 : 64 64 64 64 64 64 64 64 64 
1 2 0 : 112 107 101 92 85 83 82 102 64 
1 2 1 : 117 102 98 93 90 87 83 60 1 
1 2 2 : 122 109 100 93 87 84 81 81 85 
1 2 3 : 124 109 100 93 87 84 84 81 64 
1 2 4 : 125 106 98 92 88 85 85 82 127 
1 2 5 : 124 110 103 98 92 89 80 78 64 
1 2 6 : 126 113 105 99 94 89 91 127 1 
1 2 7 : 127 121 116 112 111 127 64 64 64 
1 2 8 : 127 126 113 127 64 64 64 64 64 
1 2 9 : 64 64 64 64 64 64 64 64 64 
2 0 0 : 107 102 99 93 89 87 89 127 64 
2 0 1 : 120 110 104 97 89 92 76 127 64 
2 0 2 : 124 106 99 92 90 85 79 85 64 
2 0 3 : 124 106 97 91 88 85 88 85 127 
2 0 4 : 122 106 99 94 91 89 81 93 64 
2 0 5 : 123 110 102 96 90 86 85 81 64 
2 0 6 : 124 109 101 95 91 86 89 109 64 
2 0 7 : 126 111 102 96 92 89 80 80 64 
2 0 8 : 127 119 115 111 110 127 64 64 64 
2 0 9 : 127 126 113 127 64 64 64 64 64 
2 0 10 : 64 64 64 64 64 64 64 64 64 
2 0 11 : 64 64 64 64 64 64 64 64 64 
2 1 0 : 107 102 99 94 90 87 78 1 64 
2 1 1 : 120 109 102 96 94 82 87 76 64 
2 1 2 : 124 107 99 93 89 82 94 85 64 
2 1 3 : 125 107 98 92 88 84 92 64 127 
2 1 4 : 123 105 97 92 88 84 86 82 127 
2 1 5 : 122 108 101 95 90 88 78 75 127 
2 1 6 : 124 109 101 95 89 84 88 92 127 
2 1 7 : 125 111 103 96 91 89 67 71 64 
2 1 8 : 127 117 112 108 95 90 64 64 64 
2 1 9 : 127 126 123 127 64 64 64 64 64 
2 1 10 : 64 64 64 64 64 64 64 64 64 
2 1 11 : 64 64 64 64 64 64 64 64 64 
2 2 0 : 108 104 100 94 90 82 81 127 64 
2 2 1 : 120 108 101 94 90 88 86 85 64 
2 2 2 : 123 107 99 93 90 85 84 80 64 
2 2 3 : 124 105 97 92 88 85 90 69 127 
2 2 4 : 122 107 99 94 90 85 88 91 64 
2 2 5 : 123 108 101 95 90 87 85 82 127 
2 2 6 : 124 111 103 96 90 88 85 89 64 
2 2 7 : 126 112 105 101 96 88 89 127 64 
2 2 8 : 127 122 117 115 108 64 64 64 64 
2 2 9 : 127 127 64 64 64 64 64 64 64 
2 2 10 : 64 64 64 64 64 64 64 64 64 
3 0 0 : 102 98 96 92 90 84 78 127 64 
3 0 1 : 118 110 104 101 94 87 76 64 64 
3 0 2 : 126 113 105 94 85 91 85 64 64 
3 0 3 : 126 105 98 90 84 73 96 127 127 
3 0 4 : 124 106 97 92 85 83 72 127 64 
3 0 5 : 122 106 98 93 90 85 78 51 64 
3 0 6 : 122 109 102 96 89 88 88 127 64 
3 0 7 : 124 110 102 96 90 86 83 85 64 
3 0 8 : 125 110 103 98 96 80 85 64 64 
3 0 9 : 127 122 119 113 127 64 64 64 64 
3 0 10 : 127 127 64 64 64 64 64 64 64 
3 0 11 : 64 64 64 64 64 64 64 64 64 
3 0 12 : 64 64 64 64 64 64 64 64 64 
3 1 0 : 101 97 93 91 91 97 88 1 64 
3 1 1 : 117 108 102 97 92 66 67 64 64 
3 1 2 : 125 113 103 98 91 89 85 64 64 
3 1 3 : 126 106 96 89 79 81 74 127 64 
3 1 4 : 125 107 98 93 90 81 89 1 64 
3 1 5 : 123 105 97 93 90 85 90 64 64 
3 1 6 : 122 107 100 94 90 88 85 96 64 
3 1 7 : 123 110 101 95 89 86 80 127 64 
3 1 8 : 125 110 103 96 92 87 86 64 64 
3 1 9 : 127 120 116 114 101 96 1 64 64 
3 1 10 : 127 127 127 64 64 64 64 64 64 
3 1 11 : 64 64 64 64 64 64 64 64 64 
3 1 12 : 64 64 64 64 64 64 64 64 64 
3 2 0 : 104 102 98 95 90 89 103 127 64 
3 2 1 : 120 109 102 96 92 100 91 64 64 
3 2 2 : 125 110 100 91 83 75 68 64 64 
3 2 3 : 125 107 101 94 90 85 78 64 64 
3 2 4 : 124 105 96 92 89 85 79 85 64 
3 2 5 : 122 105 99 93 90 90 82 51 64 
3 2 6 : 123 109 102 95 91 87 80 93 64 
3 2 7 : 124 111 102 95 90 92 71 64 64 
3 2 8 : 126 113 107 102 102 107 127 64 64 
3 2 9 : 127 124 121 113 64 64 64 64 64 
3 2 10 : 127 127 64 64 64 64 64 64 64 
3 2 11 : 64 64 64 64 64 64 64 64 64 
4 0 0 : 91 86 84 85 85 68 64 64 64 
4 0 1 : 113 108 101 93 83 96 64 127 64 
4 0 2 : 123 111 106 96 97 85 127 64 64 
4 0 3 : 126 114 111 99 89 85 64 64 64 
4 0 4 : 127 112 97 89 81 85 64 64 64 
4 0 5 : 125 103 95 92 88 90 96 64 64 
4 0 6 : 121 105 98 93 90 87 78 1 64 
4 0 7 : 122 108 100 95 87 91 75 64 64 
4 0 8 : 124 111 102 97 89 89 67 127 64 
4 0 9 : 125 114 108 102 115 80 64 64 64 
4 0 10 : 127 124 121 127 1 64 64 64 64 
4 0 11 : 64 64 64 64 64 64 64 64 64 
4 0 12 : 64 64 64 64 64 64 64 64 64 
4 0 13 : 64 64 64 64 64 64 64 64 64 
4 1 0 : 99 88 86 77 96 78 64 64 64 
4 1 1 : 109 103 97 96 91 85 102 64 64 
4 1 2 : 120 108 95 102 68 60 64 64 64 
4 1 3 : 125 113 102 98 101 74 1 127 64 
4 1 4 : 126 111 99 97 101 69 32 64 64 
4 1 5 : 125 104 97 89 86 88 64 127 64 
4 1 6 : 123 105 97 94 86 87 78 64 64 
4 1 7 : 121 106 100 93 87 85 89 85 64 
4 1 8 : 122 109 102 95 88 86 90 32 64 
4 1 9 : 125 113 107 101 93 127 51 64 64 
4 1 10 : 127 124 118 113 64 64 64 64 64 
4 1 11 : 127 127 64 64 64 64 64 64 64 
4 1 12 : 64 64 64 64 64 64 64 64 64 
4 1 13 : 64 64 64 64 64 64 64 64 64 
4 2 0 : 99 98 93 95 94 85 64 1 64 
4 2 1 : 118 105 96 93 91 96 80 64 64 
4 2 2 : 123 111 103 98 90 88 127 64 64 
4 2 3 : 126 115 108 92 93 76 1 64 64 
4 2 4 : 126 102 95 90 89 78 127 64 64 
4 2 5 : 123 105 99 94 84 73 98 85 64 
4 2 6 : 121 105 99 93 90 85 80 32 64 
4 2 7 : 122 109 101 95 92 83 82 64 64 
4 2 8 : 124 111 101 94 93 84 75 42 64 
4 2 9 : 126 117 112 110 116 127 64 64 64 
4 2 10 : 127 125 127 64 64 64 64 64 64 
4 2 11 : 64 64 64 64 64 64 64 64 64 
4 2 12 : 64 64 64 64 64 64 64 64 64 
5 0 0 : 64 64 64 64 64 64 64 64 64 
5 0 1 : 64 64 64 64 64 64 64 64 64 
5 0 2 : 64 64 64 64 64 64 64 64 64 
5 0 3 : 64 64 64 64 64 64 64 64 64 
5 0 4 : 64 64 64 64 64 64 64 64 64 
5 0 5 : 64 64 64 64 64 64 64 64 64 
5 0 6 : 64 64 1 1 64 64 64 64 64 
5 0 7 : 122 88 106 59 85 64 64 64 64 
5 0 8 : 115 102 95 86 74 37 51 1 64 
5 0 9 : 114 98 84 74 65 33 28 12 1 
5 0 10 : 113 96 81 59 47 24 22 7 3 
5 0 11 : 122 95 62 13 29 1 13 2 1 
5 0 12 : 127 100 65 9 30 1 64 64 64 
5 0 13 : 64 64 64 64 64 64 64 64 64 
5 0 14 : 64 64 64 64 64 64 64 64 64 
