0 0 0 : 69 
0 0 1 : 71 
0 0 2 : 75 
0 0 3 : 83 
0 0 4 : 92 
0 0 5 : 105 
0 0 6 : 126 
0 0 7 : 64 
0 0 8 : 64 
0 0 9 : 64 
0 1 0 : 69 
0 1 1 : 70 
0 1 2 : 74 
0 1 3 : 81 
0 1 4 : 92 
0 1 5 : 103 
0 1 6 : 126 
0 1 7 : 64 
0 1 8 : 64 
0 1 9 : 64 
0 2 0 : 69 
0 2 1 : 72 
0 2 2 : 79 
0 2 3 : 90 
0 2 4 : 100 
0 2 5 : 120 
0 2 6 : 127 
0 2 7 : 64 
0 2 8 : 64 
1 0 0 : 67 
1 0 1 : 69 
1 0 2 : 72 
1 0 3 : 76 
1 0 4 : 82 
1 0 5 : 91 
1 0 6 : 107 
1 0 7 : 126 
1 0 8 : 64 
1 0 9 : 64 
1 0 10 : 64 
1 1 0 : 67 
1 1 1 : 68 
1 1 2 : 71 
1 1 3 : 75 
1 1 4 : 82 
1 1 5 : 91 
1 1 6 : 105 
1 1 7 : 125 
1 1 8 : 64 
1 1 9 : 64 
1 1 10 : 64 
1 2 0 : 68 
1 2 1 : 70 
1 2 2 : 72 
1 2 3 : 78 
1 2 4 : 87 
1 2 5 : 97 
1 2 6 : 117 
1 2 7 : 127 
1 2 8 : 64 
1 2 9 : 64 
2 0 0 : 66 
2 0 1 : 67 
2 0 2 : 69 
2 0 3 : 72 
2 0 4 : 76 
2 0 5 : 82 
2 0 6 : 93 
2 0 7 : 112 
2 0 8 : 127 
2 0 9 : 64 
2 0 10 : 64 
2 0 11 : 64 
2 1 0 : 65 
2 1 1 : 66 
2 1 2 : 68 
2 1 3 : 71 
2 1 4 : 76 
2 1 5 : 82 
2 1 6 : 92 
2 1 7 : 109 
2 1 8 : 127 
2 1 9 : 64 
2 1 10 : 64 
2 1 11 : 64 
2 2 0 : 66 
2 2 1 : 67 
2 2 2 : 70 
2 2 3 : 73 
2 2 4 : 79 
2 2 5 : 87 
2 2 6 : 100 
2 2 7 : 120 
2 2 8 : 127 
2 2 9 : 64 
2 2 10 : 64 
3 0 0 : 65 
3 0 1 : 65 
3 0 2 : 66 
3 0 3 : 69 
3 0 4 : 72 
3 0 5 : 77 
3 0 6 : 83 
3 0 7 : 95 
3 0 8 : 117 
3 0 9 : 127 
3 0 10 : 64 
3 0 11 : 64 
3 0 12 : 64 
3 1 0 : 65 
3 1 1 : 65 
3 1 2 : 66 
3 1 3 : 68 
3 1 4 : 71 
3 1 5 : 76 
3 1 6 : 83 
3 1 7 : 94 
3 1 8 : 115 
3 1 9 : 127 
3 1 10 : 64 
3 1 11 : 64 
3 1 12 : 64 
3 2 0 : 65 
3 2 1 : 66 
3 2 2 : 67 
3 2 3 : 69 
3 2 4 : 73 
3 2 5 : 79 
3 2 6 : 87 
3 2 7 : 102 
3 2 8 : 123 
3 2 9 : 127 
3 2 10 : 64 
3 2 11 : 64 
4 0 0 : 65 
4 0 1 : 64 
4 0 2 : 65 
4 0 3 : 66 
4 0 4 : 69 
4 0 5 : 73 
4 0 6 : 79 
4 0 7 : 87 
4 0 8 : 103 
4 0 9 : 120 
4 0 10 : 64 
4 0 11 : 64 
4 0 12 : 64 
4 0 13 : 64 
4 1 0 : 64 
4 1 1 : 64 
4 1 2 : 65 
4 1 3 : 66 
4 1 4 : 68 
4 1 5 : 71 
4 1 6 : 77 
4 1 7 : 86 
4 1 8 : 101 
4 1 9 : 120 
4 1 10 : 127 
4 1 11 : 64 
4 1 12 : 64 
4 1 13 : 64 
4 2 0 : 64 
4 2 1 : 65 
4 2 2 : 65 
4 2 3 : 67 
4 2 4 : 70 
4 2 5 : 74 
4 2 6 : 80 
4 2 7 : 90 
4 2 8 : 108 
4 2 9 : 122 
4 2 10 : 64 
4 2 11 : 64 
4 2 12 : 64 
5 0 0 : 64 
5 0 1 : 64 
5 0 2 : 64 
5 0 3 : 64 
5 0 4 : 63 
5 0 5 : 64 
5 0 6 : 64 
5 0 7 : 64 
5 0 8 : 66 
5 0 9 : 71 
5 0 10 : 85 
5 0 11 : 127 
5 0 12 : 64 
5 0 13 : 64 
5 0 14 : 64 
