0 0 0 : 64 93 85 77 73 69 66 65 64 
0 0 1 : 64 95 87 79 72 68 66 65 64 
0 0 2 : 64 95 85 77 72 69 67 66 65 
0 0 3 : 64 93 85 79 75 72 69 67 66 
0 0 4 : 64 97 90 84 78 74 71 69 67 
0 0 5 : 64 102 94 87 80 76 72 68 62 
0 0 6 : 64 106 101 91 80 73 58 1 64 
0 0 7 : 64 64 64 64 64 64 64 64 64 
0 0 8 : 64 64 64 64 64 64 64 64 64 
0 0 9 : 64 64 64 64 64 64 64 64 64 
0 1 0 : 64 91 83 76 72 69 66 64 64 
0 1 1 : 64 96 87 78 71 68 66 65 64 
0 1 2 : 64 97 86 77 71 69 67 66 65 
0 1 3 : 64 93 85 78 74 71 69 67 66 
0 1 4 : 64 96 89 83 78 74 71 68 66 
0 1 5 : 64 101 93 87 80 75 73 70 67 
0 1 6 : 64 105 100 94 79 72 66 38 64 
0 1 7 : 64 64 64 64 64 64 64 64 64 
0 1 8 : 64 64 64 64 64 64 64 64 64 
0 1 9 : 64 64 64 64 64 64 64 64 64 
0 2 0 : 64 93 81 75 71 69 66 65 64 
0 2 1 : 64 93 85 77 71 68 66 65 65 
0 2 2 : 64 91 82 76 72 70 68 67 66 
0 2 3 : 64 93 86 81 77 73 70 68 67 
0 2 4 : 64 99 91 84 78 74 71 69 70 
0 2 5 : 64 102 96 89 84 79 72 70 42 
0 2 6 : 64 106 106 94 74 102 64 64 64 
0 2 7 : 64 64 64 64 64 64 64 64 64 
0 2 8 : 64 64 64 64 64 64 64 64 64 
1 0 0 : 64 85 79 75 72 68 66 65 64 
1 0 1 : 64 91 83 77 72 68 66 65 64 
1 0 2 : 64 92 84 78 72 69 67 65 64 
1 0 3 : 64 95 86 79 73 70 68 66 65 
1 0 4 : 64 96 87 80 75 72 69 68 66 
1 0 5 : 64 98 90 83 78 75 72 69 69 
1 0 6 : 64 101 94 88 84 80 76 74 68 
1 0 7 : 64 109 105 98 92 89 64 64 64 
1 0 8 : 64 64 64 64 64 64 64 64 64 
1 0 9 : 64 64 64 64 64 64 64 64 64 
1 0 10 : 64 64 64 64 64 64 64 64 64 
1 1 0 : 64 85 78 75 72 69 66 65 64 
1 1 1 : 64 90 83 76 71 68 66 65 64 
1 1 2 : 64 91 83 77 72 69 66 65 64 
1 1 3 : 64 94 85 78 73 70 68 66 65 
1 1 4 : 64 95 87 80 75 72 69 67 66 
1 1 5 : 64 97 90 83 78 74 72 70 67 
1 1 6 : 64 100 93 87 82 78 76 70 64 
1 1 7 : 64 107 103 99 86 74 36 64 64 
1 1 8 : 64 64 64 64 64 64 64 64 64 
1 1 9 : 64 64 64 64 64 64 64 64 64 
1 1 10 : 64 64 64 64 64 64 64 64 64 
1 2 0 : 64 84 78 75 72 69 66 65 64 
1 2 1 : 64 92 84 78 72 68 66 65 64 
1 2 2 : 64 93 85 78 72 68 66 65 65 
1 2 3 : 64 94 84 77 73 70 68 67 66 
1 2 4 : 64 93 86 81 76 72 70 68 67 
1 2 5 : 64 98 90 83 78 75 73 71 71 
1 2 6 : 64 102 96 90 86 83 78 70 1 
1 2 7 : 64 109 106 101 93 85 64 64 64 
1 2 8 : 64 64 64 64 64 64 64 64 64 
1 2 9 : 64 64 64 64 64 64 64 64 64 
2 0 0 : 64 89 83 79 74 69 66 64 64 
2 0 1 : 64 93 82 75 70 67 65 64 64 
2 0 2 : 64 91 82 75 71 68 66 65 64 
2 0 3 : 64 91 83 77 73 69 67 65 64 
2 0 4 : 64 95 87 80 75 70 68 66 65 
2 0 5 : 64 98 89 80 75 71 69 67 67 
2 0 6 : 64 97 89 82 77 74 72 71 75 
2 0 7 : 64 100 95 89 85 81 75 70 64 
2 0 8 : 64 112 108 100 91 64 64 64 64 
2 0 9 : 64 64 64 64 64 64 64 64 64 
2 0 10 : 64 64 64 64 64 64 64 64 64 
2 0 11 : 64 64 64 64 64 64 64 64 64 
2 1 0 : 64 89 83 78 73 69 66 64 64 
2 1 1 : 64 93 84 76 71 67 65 64 64 
2 1 2 : 64 92 83 75 70 67 66 65 64 
2 1 3 : 64 90 82 76 72 69 67 65 65 
2 1 4 : 64 93 86 79 74 70 68 66 65 
2 1 5 : 64 97 88 80 75 71 68 67 67 
2 1 6 : 64 97 88 81 76 73 71 71 73 
2 1 7 : 64 99 93 88 83 80 75 74 73 
2 1 8 : 64 110 108 101 87 127 64 64 64 
2 1 9 : 64 64 64 64 64 64 64 64 64 
2 1 10 : 64 64 64 64 64 64 64 64 64 
2 1 11 : 64 64 64 64 64 64 64 64 64 
2 2 0 : 64 88 81 77 72 68 66 64 64 
2 2 1 : 64 91 82 76 71 68 66 65 64 
2 2 2 : 64 91 81 75 71 68 66 65 64 
2 2 3 : 64 91 84 78 73 70 67 66 65 
2 2 4 : 64 94 86 79 74 70 68 66 66 
2 2 5 : 64 95 87 80 75 72 70 68 68 
2 2 6 : 64 97 89 83 79 76 75 74 73 
2 2 7 : 64 103 98 92 89 88 62 42 64 
2 2 8 : 64 113 116 127 127 64 64 64 64 
2 2 9 : 64 64 64 64 64 64 64 64 64 
2 2 10 : 64 64 64 64 64 64 64 64 64 
3 0 0 : 64 89 83 80 75 70 67 64 64 
3 0 1 : 64 97 90 80 72 66 65 64 64 
3 0 2 : 64 98 84 75 69 66 66 64 64 
3 0 3 : 64 92 82 76 70 68 66 65 64 
3 0 4 : 64 92 83 77 73 70 67 66 64 
3 0 5 : 64 95 87 80 74 71 68 66 66 
3 0 6 : 64 98 89 80 75 71 69 68 65 
3 0 7 : 64 97 88 82 77 75 73 70 61 
3 0 8 : 64 102 98 93 91 85 85 85 64 
3 0 9 : 64 111 123 102 1 127 64 64 64 
3 0 10 : 64 64 64 64 64 64 64 64 64 
3 0 11 : 64 64 64 64 64 64 64 64 64 
3 0 12 : 64 64 64 64 64 64 64 64 64 
3 1 0 : 64 88 82 78 75 70 67 65 64 
3 1 1 : 64 95 88 82 73 68 65 64 64 
3 1 2 : 64 97 86 77 70 67 65 64 64 
3 1 3 : 64 92 83 76 70 68 66 65 64 
3 1 4 : 64 92 83 76 72 69 67 66 65 
3 1 5 : 64 93 85 79 74 70 67 66 65 
3 1 6 : 64 97 88 81 75 71 69 67 68 
3 1 7 : 64 97 88 81 77 74 75 72 69 
3 1 8 : 64 100 95 92 85 80 91 102 1 
3 1 9 : 64 115 108 85 127 64 64 64 64 
3 1 10 : 64 64 64 64 64 64 64 64 64 
3 1 11 : 64 64 64 64 64 64 64 64 64 
3 1 12 : 64 64 64 64 64 64 64 64 64 
3 2 0 : 64 90 83 79 74 70 66 64 63 
3 2 1 : 64 95 87 78 72 68 65 64 64 
3 2 2 : 64 92 83 76 71 67 65 65 64 
3 2 3 : 64 93 82 76 71 68 66 65 65 
3 2 4 : 64 91 83 77 73 70 68 65 64 
3 2 5 : 64 95 87 80 74 70 68 67 66 
3 2 6 : 64 97 87 80 75 72 69 68 67 
3 2 7 : 64 96 88 83 80 77 74 73 54 
3 2 8 : 64 105 100 97 98 90 85 64 64 
3 2 9 : 64 108 81 127 64 64 64 64 64 
3 2 10 : 64 64 64 64 64 64 64 64 64 
3 2 11 : 64 64 64 64 64 64 64 64 64 
4 0 0 : 64 85 80 75 75 72 68 67 63 
4 0 1 : 64 92 88 82 77 71 66 63 64 
4 0 2 : 64 104 91 81 71 67 62 64 63 
4 0 3 : 64 104 91 77 69 67 66 65 65 
4 0 4 : 64 94 82 73 70 68 66 65 64 
4 0 5 : 64 92 82 76 73 69 67 66 65 
4 0 6 : 64 94 85 79 74 70 68 67 66 
4 0 7 : 64 97 87 81 75 72 70 68 66 
4 0 8 : 64 97 90 84 81 80 78 75 127 
4 0 9 : 64 109 104 99 103 96 64 64 64 
4 0 10 : 64 64 64 64 64 64 64 64 64 
4 0 11 : 64 64 64 64 64 64 64 64 64 
4 0 12 : 64 64 64 64 64 64 64 64 64 
4 0 13 : 64 64 64 64 64 64 64 64 64 
4 1 0 : 64 81 79 76 71 69 69 64 64 
4 1 1 : 64 92 88 84 73 68 66 64 63 
4 1 2 : 64 96 88 80 76 68 63 64 64 
4 1 3 : 64 101 93 77 72 67 65 63 64 
4 1 4 : 64 96 84 74 70 66 66 64 64 
4 1 5 : 64 91 82 75 71 68 67 65 64 
4 1 6 : 64 92 84 78 73 70 68 67 67 
4 1 7 : 64 95 87 80 75 72 70 69 63 
4 1 8 : 64 97 89 84 80 77 77 75 69 
4 1 9 : 64 106 102 94 89 80 76 64 64 
4 1 10 : 64 113 102 127 64 64 64 64 64 
4 1 11 : 64 64 64 64 64 64 64 64 64 
4 1 12 : 64 64 64 64 64 64 64 64 64 
4 1 13 : 64 64 64 64 64 64 64 64 64 
4 2 0 : 64 90 82 75 72 69 65 64 62 
4 2 1 : 64 91 85 82 76 70 65 65 64 
4 2 2 : 64 99 92 83 72 68 64 64 63 
4 2 3 : 64 101 85 75 70 66 65 65 63 
4 2 4 : 64 92 83 75 70 69 66 65 65 
4 2 5 : 64 92 83 77 73 69 67 66 65 
4 2 6 : 64 93 86 79 74 71 68 65 67 
4 2 7 : 64 97 88 81 76 72 72 70 68 
4 2 8 : 64 97 90 87 83 80 80 67 85 
4 2 9 : 64 111 106 96 90 127 127 64 64 
4 2 10 : 64 64 64 64 64 64 64 64 64 
4 2 11 : 64 64 64 64 64 64 64 64 64 
4 2 12 : 64 64 64 64 64 64 64 64 64 
5 0 0 : 64 64 64 64 64 1 64 1 66 
5 0 1 : 64 64 64 64 64 42 64 51 64 
5 0 2 : 64 64 64 64 64 54 64 68 69 
5 0 3 : 64 64 64 64 1 49 46 55 65 
5 0 4 : 64 64 64 64 85 79 62 66 64 
5 0 5 : 64 64 1 64 78 64 70 64 64 
5 0 6 : 64 56 54 69 67 62 64 64 61 
5 0 7 : 64 84 72 73 65 61 63 63 59 
5 0 8 : 64 87 74 68 62 59 57 54 48 
5 0 9 : 64 83 73 59 52 41 36 28 17 
5 0 10 : 64 75 56 25 24 8 6 3 1 
5 0 11 : 64 64 53 11 20 2 1 1 1 
5 0 12 : 64 64 64 64 64 64 64 64 64 
5 0 13 : 64 64 64 64 64 64 64 64 64 
5 0 14 : 64 64 64 64 64 64 64 64 64 
