0 0 0 : 55 66 45 51 
0 0 1 : 57 64 49 52 
0 0 2 : 57 63 50 52 
0 0 3 : 54 67 45 50 
0 0 4 : 53 72 36 43 
0 0 5 : 52 78 28 43 
0 0 6 : 55 108 19 65 
0 0 7 : 64 64 64 64 
0 0 8 : 64 64 64 64 
0 0 9 : 64 64 64 64 
0 1 0 : 78 42 74 58 
0 1 1 : 76 45 74 58 
0 1 2 : 72 51 70 58 
0 1 3 : 72 51 69 56 
0 1 4 : 73 43 73 51 
0 1 5 : 76 33 77 46 
0 1 6 : 78 22 100 64 
0 1 7 : 64 64 64 64 
0 1 8 : 64 64 64 64 
0 1 9 : 64 64 64 64 
0 2 0 : 62 59 56 54 
0 2 1 : 61 60 55 51 
0 2 2 : 60 56 49 43 
0 2 3 : 60 50 40 32 
0 2 4 : 61 43 35 26 
0 2 5 : 61 40 27 20 
0 2 6 : 56 36 18 17 
0 2 7 : 64 64 64 64 
0 2 8 : 64 64 64 64 
1 0 0 : 59 61 56 52 
1 0 1 : 56 62 47 46 
1 0 2 : 57 62 46 48 
1 0 3 : 59 62 50 54 
1 0 4 : 58 65 53 56 
1 0 5 : 57 70 49 54 
1 0 6 : 58 74 46 58 
1 0 7 : 64 102 48 91 
1 0 8 : 64 64 64 64 
1 0 9 : 64 64 64 64 
1 0 10 : 64 64 64 64 
1 1 0 : 66 63 64 63 
1 1 1 : 70 55 67 59 
1 1 2 : 71 52 69 59 
1 1 3 : 71 53 69 60 
1 1 4 : 70 54 70 59 
1 1 5 : 70 51 70 56 
1 1 6 : 71 48 74 60 
1 1 7 : 74 47 100 85 
1 1 8 : 64 64 64 64 
1 1 9 : 64 64 64 64 
1 1 10 : 64 64 64 64 
1 2 0 : 59 63 55 53 
1 2 1 : 59 60 50 48 
1 2 2 : 60 61 52 55 
1 2 3 : 61 66 59 63 
1 2 4 : 61 68 60 63 
1 2 5 : 62 65 58 61 
1 2 6 : 61 67 55 63 
1 2 7 : 55 78 54 70 
1 2 8 : 64 64 64 64 
1 2 9 : 64 64 64 64 
2 0 0 : 63 61 63 59 
2 0 1 : 61 62 57 55 
2 0 2 : 59 62 53 52 
2 0 3 : 58 61 51 51 
2 0 4 : 58 63 50 53 
2 0 5 : 56 68 50 56 
2 0 6 : 56 72 47 55 
2 0 7 : 58 76 42 56 
2 0 8 : 49 108 45 102 
2 0 9 : 64 64 64 64 
2 0 10 : 64 64 64 64 
2 0 11 : 64 64 64 64 
2 1 0 : 64 64 64 62 
2 1 1 : 67 59 64 59 
2 1 2 : 69 57 67 61 
2 1 3 : 70 55 68 61 
2 1 4 : 71 54 70 61 
2 1 5 : 71 53 72 60 
2 1 6 : 71 49 73 58 
2 1 7 : 70 46 78 63 
2 1 8 : 72 44 109 109 
2 1 9 : 64 64 64 64 
2 1 10 : 64 64 64 64 
2 1 11 : 64 64 64 64 
2 2 0 : 62 68 65 66 
2 2 1 : 62 65 61 61 
2 2 2 : 61 64 58 59 
2 2 3 : 60 65 57 60 
2 2 4 : 61 67 58 62 
2 2 5 : 61 66 58 61 
2 2 6 : 62 65 58 61 
2 2 7 : 62 68 58 69 
2 2 8 : 75 91 76 127 
2 2 9 : 64 64 64 64 
2 2 10 : 64 64 64 64 
3 0 0 : 63 61 61 58 
3 0 1 : 61 62 58 57 
3 0 2 : 59 63 55 56 
3 0 3 : 58 63 54 54 
3 0 4 : 58 62 51 52 
3 0 5 : 58 64 49 53 
3 0 6 : 58 67 51 57 
3 0 7 : 57 68 51 57 
3 0 8 : 58 74 46 56 
3 0 9 : 51 96 51 64 
3 0 10 : 64 64 64 64 
3 0 11 : 64 64 64 64 
3 0 12 : 64 64 64 64 
3 1 0 : 68 59 68 60 
3 1 1 : 67 56 64 58 
3 1 2 : 68 57 66 61 
3 1 3 : 70 57 67 61 
3 1 4 : 70 56 68 61 
3 1 5 : 72 54 70 61 
3 1 6 : 71 52 73 62 
3 1 7 : 69 52 75 63 
3 1 8 : 66 51 79 66 
3 1 9 : 72 41 112 127 
3 1 10 : 64 64 64 64 
3 1 11 : 64 64 64 64 
3 1 12 : 64 64 64 64 
3 2 0 : 62 67 65 67 
3 2 1 : 62 65 62 62 
3 2 2 : 62 64 60 59 
3 2 3 : 61 64 59 60 
3 2 4 : 61 65 59 59 
3 2 5 : 61 65 58 60 
3 2 6 : 62 65 59 61 
3 2 7 : 62 64 58 61 
3 2 8 : 62 65 57 71 
3 2 9 : 127 127 85 64 
3 2 10 : 64 64 64 64 
3 2 11 : 64 64 64 64 
4 0 0 : 60 64 56 55 
4 0 1 : 59 61 52 53 
4 0 2 : 60 63 57 54 
4 0 3 : 60 62 56 56 
4 0 4 : 58 64 54 54 
4 0 5 : 58 63 50 53 
4 0 6 : 56 65 48 52 
4 0 7 : 58 67 48 54 
4 0 8 : 58 68 51 55 
4 0 9 : 53 73 52 44 
4 0 10 : 64 64 64 64 
4 0 11 : 64 64 64 64 
4 0 12 : 64 64 64 64 
4 0 13 : 64 64 64 64 
4 1 0 : 73 57 73 70 
4 1 1 : 72 53 71 60 
4 1 2 : 68 54 68 61 
4 1 3 : 68 56 66 60 
4 1 4 : 70 56 67 58 
4 1 5 : 71 54 68 60 
4 1 6 : 72 52 71 61 
4 1 7 : 71 52 74 62 
4 1 8 : 69 55 75 67 
4 1 9 : 67 49 89 74 
4 1 10 : 54 127 64 64 
4 1 11 : 64 64 64 64 
4 1 12 : 64 64 64 64 
4 1 13 : 64 64 64 64 
4 2 0 : 59 68 63 66 
4 2 1 : 60 68 60 59 
4 2 2 : 63 64 60 59 
4 2 3 : 63 62 59 58 
4 2 4 : 61 62 59 59 
4 2 5 : 61 63 58 60 
4 2 6 : 61 65 58 61 
4 2 7 : 63 65 60 65 
4 2 8 : 63 69 64 73 
4 2 9 : 70 67 64 54 
4 2 10 : 64 64 64 64 
4 2 11 : 64 64 64 64 
4 2 12 : 64 64 64 64 
5 0 0 : 64 64 44 73 
5 0 1 : 60 55 64 59 
5 0 2 : 67 71 61 55 
5 0 3 : 65 58 66 63 
5 0 4 : 63 70 64 72 
5 0 5 : 64 65 71 72 
5 0 6 : 64 72 78 86 
5 0 7 : 63 79 85 99 
5 0 8 : 65 96 98 114 
5 0 9 : 45 116 114 126 
5 0 10 : 12 127 126 127 
5 0 11 : 29 127 127 127 
5 0 12 : 64 64 64 64 
5 0 13 : 64 64 64 64 
5 0 14 : 64 64 64 64 
